# Lauf mit 20 Threads 
# i5-4570 CPU @ 3.20GHz
0      0    0       0       0       0       0       0
0.1  0.1    0.004   0.02    0.05    0.079   0.09     0.1
0.2  0.2    0.020   0.03    0.15    0.18    0.19    0.2
0.3  0.3    0.09    0.1     0.27    0.291   0.295   0.3
0.4  0.4    0.165   0.22    0.378   0.39    0.4     0.4
0.5  0.5    0.4     0.31    0.49    0.5     0.5     0.5
0.6  0.6    0.5     0.5     0.59    0.6     0.6     0.6
0.7  0.7    0.63    0.67    0.7     0.7     0.7     0.7
0.8  0.8    0.76    0.8     0.8     0.8     0.8     0.8
0.9  0.9    0.87    0.89    0.9     0.9     0.9     0.9
1.0  1.0    1.0     1.0     1.0     1.0     1.0     1.0

